14884
14989
15252
16821
16847
17232
17281
17290
17372
17780
17943
18045
18048
18062
18097
18110
18171
18193
18271
18345
18828
19133
19143
19482
19592
19594
19685
19827
20284
20364
20405
20489
20522
20551
20560
20575
20610
20614
20622
20625
20692
20760
20878
21002
21047
21071
21481
21600
21618
21658
22288
22346
22406
22518
22775
23235
24769
26214
28889
29001
29197
29321
29826
30903
31131
31222
31681
31797
32137
32145
32194
32497
32532
32538
32542
32646
32665
32810
33037
33082
33117
33128
33308
33316
33358
33413
33609
34142
34182
34331
34387
34585
34883
35325
35450
35632
35644
35721
35762
35793
35837
35852
35859
35894
35967
35975
36000
36033
36060
36130
36163
36171
36172
36200
36201
36210
36289
36301
36315
36421
36510
36670
36703
36894
36912
37109
37120
37226
37264
37355
37409
37423
37448
37760
38368
38508
38605
38794
38990
39041
39108
39181
39585
39684
39833
39841
39871
40452
40466
40584
40713
41077
41240
41247
41270
41342
41347
41956
42087
42093
42151
42156
42246
42539
42592
43046
43231
43362
43538
43626
43660
43694
44597
44815
44828
44884
45270
45325
46778
47059
48193
48366
48830
48890
50539
50983
51329
52487
52798
53713
54700
54855
54897
54946
56255
57408
57449
61642
69847
171700



./sgx_enable 
Intel SGX is explicitly disabled, and your BIOS does not
support the "software enable" option. Check your BIOS for an
explicit option to enable Intel SGX.
