14886
15232
16594
16642
16882
16902
17066
17085
17226
17245
17379
17623
17809
17824
17982
18065
18089
18495
19170
19218
19489
19816
19917
20252
20262
20265
20281
20313
20323
20338
20339
20352
20422
20443
20511
20527
20540
20559
20603
20625
20647
20686
20706
20725
20746
20855
20867
20872
21078
21173
21174
21217
21691
21736
21785
21871
21916
21988
22383
22519
22545
22545
22759
23149
23469
23945
24094
24549
24582
25131
25381
25738
25758
26039
26652
26976
26994
27622
27735
27826
29082
30231
32384
32409
32699
33439
34104
34482
34739
34760
34796
35108
35627
35628
35651
35686
35686
35705
35714
35794
35825
35863
35913
35934
35943
36015
36063
36079
36103
36108
36156
36237
36252
36256
36312
36319
36516
36519
36555
36568
36642
36810
36934
37028
37048
37080
37120
37245
37253
37254
37260
37340
37495
37536
37880
38167
38520
38809
38882
39163
39240
40611
40635
40766
40793
40854
40858
41000
41082
41133
41221
41222
41241
41245
41334
41354
41502
41521
41613
41642
41735
41752
41761
41960
41999
42140
42152
42289
42439
42491
42510
43017
43070
43938
44189
44381
44508
44800
44830
44848
45116
46209
46369
47423
48037
48269
51222
52544
54061
54121
55720
55991
58687
59401
60064
61916
64768
70553
143273
188858



/sgx_enable --status
Intel SGX is already enabled on this system
